[N
65
56
8 clocken0
57
8 clocken1
58
8 clocken2
59
8 clocken3
49
22 power_up_uninitialized
7
13 outdata_reg_a
23
13 outdata_reg_b
55
6 rden_a
54
6 rden_b
46
16 init_file_layout
1
57 C:/intelFPGA_lite/24.1std/questa_fse/intel/vhdl/altera_mf
11
16 wrcontrol_aclr_a
30
16 wrcontrol_aclr_b
53
8 lpm_type
13
15 width_byteena_a
33
15 width_byteena_b
22
13 address_reg_b
3
10 translated
35
21 clock_enable_output_b
10
13 indata_aclr_a
29
13 indata_aclr_b
65
6 wren_a
61
6 wren_b
15
21 clock_enable_output_a
9
14 outdata_aclr_a
24
14 outdata_aclr_b
52
8 lpm_hint
42
9 byte_size
16
19 clock_enable_core_a
36
19 clock_enable_core_b
40
26 ecc_pipeline_stage_enabled
12
14 byteena_aclr_a
32
14 byteena_aclr_b
21
15 rdcontrol_reg_b
47
13 maximum_depth
25
16 rdcontrol_aclr_b
45
9 init_file
26
12 indata_reg_b
48
22 intended_device_family
39
15 width_eccstatus
28
13 byteena_reg_b
4
7 width_a
18
7 width_b
50
16 implement_in_les
44
14 ram_block_type
60
5 aclr0
62
5 aclr1
14
20 clock_enable_input_a
34
20 clock_enable_input_b
38
10 enable_ecc
6
10 numwords_a
20
10 numwords_b
17
29 read_during_write_mode_port_a
37
29 read_during_write_mode_port_b
5
9 widthad_a
19
9 widthad_b
41
14 operation_mode
51
37 sim_show_memory_data_in_port_b_layout
43
34 read_during_write_mode_mixed_ports
8
14 address_aclr_a
31
14 address_aclr_b
2
10 altsyncram
63
14 addressstall_a
64
14 addressstall_b
27
25 wrcontrol_wraddress_reg_b
]
[G
1
2
3
1
4
1
0
32
0
0 0
0
0
]
[G
1
2
3
2
4
1
0
32
0
0 0
0
0
]
[G
1
2
3
2
18
1
0
1
0
0 0
0
0
]
[G
1
2
3
1
50
0
0
0
0
3 0
79
70
70
1
1
1 3 1 1
]
[G
1
2
3
2
50
0
0
0
0
3 0
79
70
70
1
1
1 3 1 1
]
[G
1
2
3
1
44
1
0
0
0
4 0
65
85
84
79
1
1
1 4 1 1
]
[G
1
2
3
2
44
1
0
0
0
4 0
65
85
84
79
1
1
1 4 1 1
]
[G
1
2
3
1
14
1
0
0
0
6 0
66
89
80
65
83
83
1
1
1 6 1 1
]
[G
1
2
3
2
14
1
0
0
0
6 0
66
89
80
65
83
83
1
1
1 6 1 1
]
[G
1
2
3
2
34
1
0
0
0
6 0
78
79
82
77
65
76
1
1
1 6 1 1
]
[G
1
2
3
1
38
0
0
0
0
5 0
70
65
76
83
69
1
1
1 5 1 1
]
[G
1
2
3
2
38
0
0
0
0
5 0
70
65
76
83
69
1
1
1 5 1 1
]
[G
1
2
3
1
18
1
0
1
0
0 0
0
0
]
[G
1
2
3
1
6
0
0
1024
0
0 0
0
0
]
[G
1
2
3
2
6
0
0
1024
0
0 0
0
0
]
[G
1
2
3
2
20
0
0
0
0
0 0
0
0
]
[G
1
2
3
1
17
0
0
0
0
20 0
78
69
87
95
68
65
84
65
95
78
79
95
78
66
69
95
82
69
65
68
1
1
1 20 1 1
]
[G
1
2
3
2
17
0
0
0
0
20 0
78
69
87
95
68
65
84
65
95
78
79
95
78
66
69
95
82
69
65
68
1
1
1 20 1 1
]
[G
1
2
3
2
37
0
0
0
0
20 0
78
69
87
95
68
65
84
65
95
78
79
95
78
66
69
95
82
69
65
68
1
1
1 20 1 1
]
[G
1
2
3
1
5
1
0
10
0
0 0
0
0
]
[G
1
2
3
2
5
1
0
10
0
0 0
0
0
]
[G
1
2
3
2
19
1
0
1
0
0 0
0
0
]
[G
1
2
3
1
20
0
0
0
0
0 0
0
0
]
[G
1
2
3
1
41
1
0
0
0
3 0
82
79
77
1
1
1 3 1 1
]
[G
1
2
3
2
41
1
0
0
0
11 0
83
73
78
71
76
69
95
80
79
82
84
1
1
1 11 1 1
]
[G
1
2
3
1
37
0
0
0
0
20 0
78
69
87
95
68
65
84
65
95
78
79
95
78
66
69
95
82
69
65
68
1
1
1 20 1 1
]
[G
1
2
3
1
19
1
0
1
0
0 0
0
0
]
[G
1
2
3
1
51
0
0
0
0
3 0
79
70
70
1
1
1 3 1 1
]
[G
1
2
3
2
51
0
0
0
0
3 0
79
70
70
1
1
1 3 1 1
]
[G
1
2
3
2
43
1
0
0
0
9 0
68
79
78
84
95
67
65
82
69
1
1
1 9 1 1
]
[G
1
2
3
2
8
1
0
0
0
4 0
78
79
78
69
1
1
1 4 1 1
]
[G
1
2
3
2
31
1
0
0
0
4 0
78
79
78
69
1
1
1 4 1 1
]
[G
1
2
3
1
34
1
0
0
0
6 0
78
79
82
77
65
76
1
1
1 6 1 1
]
[G
1
2
3
1
43
1
0
0
0
9 0
68
79
78
84
95
67
65
82
69
1
1
1 9 1 1
]
[G
1
2
3
1
8
1
0
0
0
4 0
78
79
78
69
1
1
1 4 1 1
]
[G
1
2
3
1
31
1
0
0
0
4 0
78
79
78
69
1
1
1 4 1 1
]
[G
1
2
3
1
27
0
0
0
0
6 0
67
76
79
67
75
49
1
1
1 6 1 1
]
[G
1
2
3
2
27
0
0
0
0
6 0
67
76
79
67
75
49
1
1
1 6 1 1
]
[G
1
2
3
1
49
0
0
0
0
5 0
70
65
76
83
69
1
1
1 5 1 1
]
[G
1
2
3
2
49
0
0
0
0
5 0
70
65
76
83
69
1
1
1 5 1 1
]
[G
1
2
3
1
7
1
0
0
0
12 0
85
78
82
69
71
73
83
84
69
82
69
68
1
1
1 12 1 1
]
[G
1
2
3
2
7
1
0
0
0
12 0
85
78
82
69
71
73
83
84
69
82
69
68
1
1
1 12 1 1
]
[G
1
2
3
2
23
1
0
0
0
12 0
85
78
82
69
71
73
83
84
69
82
69
68
1
1
1 12 1 1
]
[G
1
2
3
1
23
1
0
0
0
12 0
85
78
82
69
71
73
83
84
69
82
69
68
1
1
1 12 1 1
]
[G
1
2
3
1
46
0
0
0
0
6 0
85
78
85
83
69
68
1
1
1 6 1 1
]
[G
1
2
3
2
46
0
0
0
0
6 0
85
78
85
83
69
68
1
1
1 6 1 1
]
[G
1
2
3
1
11
1
0
0
0
4 0
78
79
78
69
1
1
1 4 1 1
]
[G
1
2
3
2
11
1
0
0
0
4 0
78
79
78
69
1
1
1 4 1 1
]
[G
1
2
3
2
30
1
0
0
0
4 0
78
79
78
69
1
1
1 4 1 1
]
[G
1
2
3
1
53
0
0
0
0
10 0
97
108
116
115
121
110
99
114
97
109
1
1
1 10 1 1
]
[G
1
2
3
2
53
0
0
0
0
10 0
97
108
116
115
121
110
99
114
97
109
1
1
1 10 1 1
]
[G
1
2
3
1
30
1
0
0
0
4 0
78
79
78
69
1
1
1 4 1 1
]
[G
1
2
3
1
13
1
0
1
0
0 0
0
0
]
[G
1
2
3
2
13
1
0
1
0
0 0
0
0
]
[G
1
2
3
2
33
1
0
1
0
0 0
0
0
]
[G
1
2
3
1
22
1
0
0
0
6 0
67
76
79
67
75
49
1
1
1 6 1 1
]
[G
1
2
3
2
22
1
0
0
0
6 0
67
76
79
67
75
49
1
1
1 6 1 1
]
[G
1
2
3
1
15
1
0
0
0
6 0
66
89
80
65
83
83
1
1
1 6 1 1
]
[G
1
2
3
2
15
1
0
0
0
6 0
66
89
80
65
83
83
1
1
1 6 1 1
]
[G
1
2
3
2
35
1
0
0
0
6 0
78
79
82
77
65
76
1
1
1 6 1 1
]
[G
1
2
3
2
10
1
0
0
0
4 0
78
79
78
69
1
1
1 4 1 1
]
[G
1
2
3
2
29
1
0
0
0
4 0
78
79
78
69
1
1
1 4 1 1
]
[G
1
2
3
1
9
1
0
0
0
4 0
78
79
78
69
1
1
1 4 1 1
]
[G
1
2
3
2
9
1
0
0
0
4 0
78
79
78
69
1
1
1 4 1 1
]
[G
1
2
3
2
24
1
0
0
0
4 0
78
79
78
69
1
1
1 4 1 1
]
[G
1
2
3
1
33
1
0
1
0
0 0
0
0
]
[G
1
2
3
1
35
1
0
0
0
6 0
78
79
82
77
65
76
1
1
1 6 1 1
]
[G
1
2
3
2
52
0
0
0
0
21 0
69
78
65
66
76
69
95
82
85
78
84
73
77
69
95
77
79
68
61
78
79
1
1
1 21 1 1
]
[G
1
2
3
2
42
0
0
0
0
0 0
0
0
]
[G
1
2
3
1
52
0
0
0
0
21 0
69
78
65
66
76
69
95
82
85
78
84
73
77
69
95
77
79
68
61
78
79
1
1
1 21 1 1
]
[G
1
2
3
1
10
1
0
0
0
4 0
78
79
78
69
1
1
1 4 1 1
]
[G
1
2
3
1
29
1
0
0
0
4 0
78
79
78
69
1
1
1 4 1 1
]
[G
1
2
3
1
16
1
0
0
0
15 0
85
83
69
95
73
78
80
85
84
95
67
76
75
69
78
1
1
1 15 1 1
]
[G
1
2
3
2
16
1
0
0
0
15 0
85
83
69
95
73
78
80
85
84
95
67
76
75
69
78
1
1
1 15 1 1
]
[G
1
2
3
2
36
1
0
0
0
15 0
85
83
69
95
73
78
80
85
84
95
67
76
75
69
78
1
1
1 15 1 1
]
[G
1
2
3
1
40
1
0
0
0
5 0
70
65
76
83
69
1
1
1 5 1 1
]
[G
1
2
3
2
40
1
0
0
0
5 0
70
65
76
83
69
1
1
1 5 1 1
]
[G
1
2
3
1
12
1
0
0
0
4 0
78
79
78
69
1
1
1 4 1 1
]
[G
1
2
3
2
12
1
0
0
0
4 0
78
79
78
69
1
1
1 4 1 1
]
[G
1
2
3
2
32
1
0
0
0
4 0
78
79
78
69
1
1
1 4 1 1
]
[G
1
2
3
1
21
0
0
0
0
6 0
67
76
79
67
75
49
1
1
1 6 1 1
]
[G
1
2
3
2
21
0
0
0
0
6 0
67
76
79
67
75
49
1
1
1 6 1 1
]
[G
1
2
3
1
47
0
0
0
0
0 0
0
0
]
[G
1
2
3
2
47
0
0
0
0
0 0
0
0
]
[G
1
2
3
2
25
1
0
0
0
4 0
78
79
78
69
1
1
1 4 1 1
]
[G
1
2
3
1
32
1
0
0
0
4 0
78
79
78
69
1
1
1 4 1 1
]
[G
1
2
3
1
24
1
0
0
0
4 0
78
79
78
69
1
1
1 4 1 1
]
[G
1
2
3
1
36
1
0
0
0
15 0
85
83
69
95
73
78
80
85
84
95
67
76
75
69
78
1
1
1 15 1 1
]
[G
1
2
3
1
45
0
0
0
0
17 0
99
111
100
101
70
97
99
116
111
114
105
97
108
46
109
105
102
1
1
1 17 1 1
]
[G
1
2
3
2
45
0
0
0
0
17 0
100
97
116
97
70
97
99
116
111
114
105
97
108
46
109
105
102
1
1
1 17 1 1
]
[G
1
2
3
1
25
1
0
0
0
4 0
78
79
78
69
1
1
1 4 1 1
]
[G
1
2
3
1
42
0
0
0
0
0 0
0
0
]
[G
1
2
3
1
26
0
0
0
0
6 0
67
76
79
67
75
49
1
1
1 6 1 1
]
[G
1
2
3
2
26
0
0
0
0
6 0
67
76
79
67
75
49
1
1
1 6 1 1
]
[G
1
2
3
1
48
1
0
0
0
6 0
77
65
88
32
49
48
1
1
1 6 1 1
]
[G
1
2
3
2
48
1
0
0
0
6 0
77
65
88
32
49
48
1
1
1 6 1 1
]
[G
1
2
3
1
39
1
0
3
0
0 0
0
0
]
[G
1
2
3
2
39
1
0
3
0
0 0
0
0
]
[G
1
2
3
1
28
0
0
0
0
6 0
67
76
79
67
75
49
1
1
1 6 1 1
]
[G
1
2
3
2
28
0
0
0
0
6 0
67
76
79
67
75
49
1
1
1 6 1 1
]
[P
1
2
3
61
65
1
0
0
]
[P
1
2
3
60
65
1
0
0
]
[P
1
2
3
60
61
2
0
0
]
[P
1
2
3
62
61
2
0
0
]
[P
1
2
3
62
65
1
0
0
]
[P
1
2
3
63
65
1
0
0
]
[P
1
2
3
63
61
2
0
0
]
[P
1
2
3
64
61
2
0
0
]
[P
1
2
3
64
65
1
0
0
]
[P
1
2
3
56
55
1
0
0
]
[P
1
2
3
56
55
2
0
0
]
[P
1
2
3
57
55
2
0
0
]
[P
1
2
3
58
55
2
0
0
]
[P
1
2
3
59
55
2
0
0
]
[P
1
2
3
57
55
1
0
0
]
[P
1
2
3
58
55
1
0
0
]
[P
1
2
3
59
55
1
0
0
]
[P
1
2
3
54
55
1
0
0
]
[P
1
2
3
54
55
2
0
0
]
